    0.0     0.0     0.0
  1.18   -0.34   0.0
  2.35   -0.68   0.0
  3.53   -1.02   0.0
  4.71   -1.36   0.0
  5.88   -1.69   0.0
  7.06   -2.02   0.0
  8.24   -2.34   0.0
  9.41   -2.66   0.0
 10.59   -2.97   0.0
 11.76   -3.28   0.0
 12.94   -3.58   0.0
 14.12   -3.87   0.0
 15.29   -4.15   0.0
 16.47   -4.42   0.0
 17.65   -4.67   0.0
 18.82   -4.91   0.0
 20.00   -5.14   0.0
 21.18   -5.34   0.0
 22.35   -5.52   0.0
 23.53   -5.67   0.0
 24.71   -5.78   0.0
 25.88   -5.87   0.0
 27.06   -5.92   0.0
 28.24   -5.94   0.0
 29.41   -5.93   0.0
 30.59   -5.89   0.0
 31.76   -5.82   0.0
 32.94   -5.74   0.0
 34.12   -5.63   0.0
 35.29   -5.50   0.0
 36.47   -5.36   0.0
 37.65   -5.19   0.0
 38.82   -5.02   0.0
 40.00   -4.82   0.0
 41.18   -4.62   0.0
 42.35   -4.40   0.0
 43.53   -4.16   0.0
 44.71   -3.92   0.0
 45.88   -3.67   0.0
 47.06   -3.41   0.0
 48.24   -3.13   0.0
 49.41   -2.85   0.0
 50.59   -2.56   0.0
 51.76   -2.27   0.0
 52.94   -1.96   0.0
 54.12   -1.65   0.0
 55.29   -1.33   0.0
 56.47   -1.01   0.0
 57.65   -0.68   0.0
 58.82   -0.35   0.0
 60.00    0.00   0.0