   0.0     0.0     0.0
  1.18   -0.27   0.0
  2.35   -0.53   0.0
  3.53   -0.78   0.0
  4.71   -1.03   0.0
  5.88   -1.27   0.0
  7.06   -1.50   0.0
  8.24   -1.73   0.0
  9.41   -1.95   0.0
 10.59   -2.16   0.0
 11.76   -2.36   0.0
 12.94   -2.56   0.0
 14.12   -2.74   0.0
 15.29   -2.91   0.0
 16.47   -3.07   0.0
 17.65   -3.22   0.0
 18.82   -3.36   0.0
 20.00   -3.48   0.0
 21.18   -3.59   0.0
 22.35   -3.69   0.0
 23.53   -3.77   0.0
 24.71   -3.84   0.0
 25.88   -3.90   0.0
 27.06   -3.93   0.0
 28.24   -3.96   0.0
 29.41   -3.97   0.0
 30.59   -3.96   0.0
 31.76   -3.94   0.0
 32.94   -3.91   0.0
 34.12   -3.86   0.0
 35.29   -3.80   0.0
 36.47   -3.73   0.0
 37.65   -3.64   0.0
 38.82   -3.54   0.0
 40.00   -3.43   0.0
 41.18   -3.31   0.0
 42.35   -3.17   0.0
 43.53   -3.03   0.0
 44.71   -2.87   0.0
 45.88   -2.71   0.0
 47.06   -2.53   0.0
 48.24   -2.35   0.0
 49.41   -2.15   0.0
 50.59   -1.95   0.0
 51.76   -1.73   0.0
 52.94   -1.51   0.0
 54.12   -1.28   0.0
 55.29   -1.04   0.0
 56.47   -0.79   0.0
 57.65   -0.53   0.0
 58.82   -0.27   0.0
 60.00    0.00   0.0