    0.0     0.0     0.0
  1.18   -0.40   0.0
  2.35   -0.79   0.0
  3.53   -1.19   0.0
  4.71   -1.58   0.0
  5.88   -1.96   0.0
  7.06   -2.34   0.0
  8.24   -2.71   0.0
  9.41   -3.07   0.0
 10.59   -3.41   0.0
 11.76   -3.75   0.0
 12.94   -4.07   0.0
 14.12   -4.36   0.0
 15.29   -4.63   0.0
 16.47   -4.86   0.0
 17.65   -5.04   0.0
 18.82   -5.17   0.0
 20.00   -5.27   0.0
 21.18   -5.32   0.0
 22.35   -5.35   0.0
 23.53   -5.35   0.0
 24.71   -5.33   0.0
 25.88   -5.29   0.0
 27.06   -5.22   0.0
 28.24   -5.15   0.0
 29.41   -5.06   0.0
 30.59   -4.95   0.0
 31.76   -4.83   0.0
 32.94   -4.71   0.0
 34.12   -4.57   0.0
 35.29   -4.42   0.0
 36.47   -4.27   0.0
 37.65   -4.11   0.0
 38.82   -3.94   0.0
 40.00   -3.76   0.0
 41.18   -3.58   0.0
 42.35   -3.39   0.0
 43.53   -3.19   0.0
 44.71   -2.99   0.0
 45.88   -2.79   0.0
 47.06   -2.58   0.0
 48.24   -2.36   0.0
 49.41   -2.14   0.0
 50.59   -1.92   0.0
 51.76   -1.69   0.0
 52.94   -1.46   0.0
 54.12   -1.22   0.0
 55.29   -0.98   0.0
 56.47   -0.74   0.0
 57.65   -0.49   0.0
 58.82   -0.24   0.0
 60.00    0.00   0.0