  0.0     0.0     0.0
  1.18   -0.33   0.0
  2.35   -0.66   0.0
  3.53   -0.98   0.0
  4.71   -1.28   0.0
  5.88   -1.58   0.0
  7.06   -1.85   0.0
  8.24   -2.12   0.0
  9.41   -2.36   0.0
 10.59   -2.58   0.0
 11.76   -2.78   0.0
 12.94   -2.96   0.0
 14.12   -3.12   0.0
 15.29   -3.25   0.0
 16.47   -3.37   0.0
 17.65   -3.46   0.0
 18.82   -3.53   0.0
 20.00   -3.58   0.0
 21.18   -3.62   0.0
 22.35   -3.64   0.0
 23.53   -3.65   0.0
 24.71   -3.65   0.0
 25.88   -3.63   0.0
 27.06   -3.60   0.0
 28.24   -3.56   0.0
 29.41   -3.51   0.0
 30.59   -3.45   0.0
 31.76   -3.38   0.0
 32.94   -3.30   0.0
 34.12   -3.22   0.0
 35.29   -3.13   0.0
 36.47   -3.03   0.0
 37.65   -2.93   0.0
 38.82   -2.82   0.0
 40.00   -2.70   0.0
 41.18   -2.58   0.0
 42.35   -2.45   0.0
 43.53   -2.32   0.0
 44.71   -2.18   0.0
 45.88   -2.04   0.0
 47.06   -1.89   0.0
 48.24   -1.74   0.0
 49.41   -1.58   0.0
 50.59   -1.42   0.0
 51.76   -1.26   0.0
 52.94   -1.09   0.0
 54.12   -0.92   0.0
 55.29   -0.74   0.0
 56.47   -0.56   0.0
 57.65   -0.38   0.0
 58.82   -0.19   0.0
 60.00    0.00   0.0