2983
2982.29
2981.64
2981.05
2980.52
2980.07
2979.7
2979.42
2979.22
2979.12
2979.11
2979.21
2979.41
2979.72
2980.14
2980.67
2981.32
2982.08
2982.97
2983.98
2985.11
2986.36
2987.74
2989.24
2990.86
2992.6
2994.46
2996.45
2998.55
3000.77
3003.1
3005.55
3008.1
3010.77
3013.54
3016.41
3019.38
3022.45
3025.62
3028.87
3032.21
3035.62
3039.11
3042.68
3046.31
3050.01
3053.76
3057.56
3061.4
3065.29
3069.22
3073.16
3077.14
3081.12
3085.12
3089.12
3093.12
3097.1
3101.07
3105.01
3108.92
3112.79
3116.62
3120.39
3124.11
3127.75
3131.31
3134.79
3138.18
3141.47
3144.65
3147.72
3150.66
3153.47
3156.14
3158.66
3161.02
3163.21
3165.22
3167.04
3168.67
3170.08
3171.27
3172.24
3172.97
3173.46
3173.7
3173.68
3173.39
3172.84
3172.01
3170.91
3169.51
3167.82
3165.82
3163.54
3160.94
3158.05
3154.83
3151.3
3147.45
3143.28
3138.79
3133.97
3128.83
3123.37
3117.57
3111.45
3105
3098.23
3091.13
3083.71
3075.98
3067.92
3059.55
3050.87
3041.89
3032.61
3023.04
3013.18
3003.04
2992.62
2981.94
2971
2959.81
2948.37
2936.71
2924.82
2912.71
2900.41
2887.91
2875.23
2862.38
2849.36
2836.19
2822.88
2809.45
2795.9
2782.25
2768.5
2754.67
2740.76
2726.79
2712.76
2698.7
2684.6
2670.48
2656.34
2642.2
2628.07
2613.94
2599.84
2585.75
2571.71
2557.71
2543.76
2529.86
2516.02
2502.25
2488.54
2474.9
2461.33
2447.84
2434.42
2421.08
2407.82
2394.63
2381.51
2368.46
2355.48
2342.55
2329.67
2316.82
2303.99
2291.19
2278.39
2265.6
2252.79
2239.96
2227.1
2214.2
2201.25
2188.24
2175.17
2162.03
2148.8
2135.47
2122.06
2108.53
2094.89
2081.12
2067.23
2053.21
2039.05
2024.75
2010.29
1995.69
1980.93
1966.01
1950.93
1935.68
1920.27
1904.68
1888.94
1873.02
1856.94
1840.7
1824.3
1807.73
1791.02
1774.15
1757.13
1739.97
1722.68
1705.25
1687.7
1670.04
1652.26
1634.39
1616.42
1598.37
1580.24
1562.05
1543.79
1525.49
1507.15
1488.77
1470.38
1451.97
1433.57
1415.17
1396.8
1378.45
1360.13
1341.87
1323.66
1305.51
1287.44
1269.46
1251.56
1233.77
1216.08
1198.51
1181.07
1163.76
1146.59
1129.57
1112.7
1096
1079.47
1063.12
1046.95
1030.97
1015.18
999.6
984.23
969.06
954.13
939.41
924.93
910.68
896.66
882.89
869.37
856.09
843.06
830.28
817.75
805.48
793.46
781.69
770.16
758.87
747.83
737.03
726.46
716.13
706.01
696.13
686.47
677.02
667.79
658.76
649.93
641.31
632.88
624.63
616.57
608.69
600.98
593.43
586.06
578.84
571.78
564.87
558.11
551.5
545.03
538.7
532.49
526.43
520.49
514.67
508.98
503.4
497.94
492.6
487.37
482.24
477.23
472.32
467.52
462.82
458.22
453.72
449.33
445.03
440.83
436.73
432.72
428.81
425
421.27
417.64
414.1
410.65
407.3
404.04
400.87
397.79
394.8
391.91
389.12
386.41
383.8
381.29
378.87
376.55
374.32
372.2
370.18
368.26
366.44
364.73
363.12
361.62
360.22
358.95
357.78
356.72
355.79
354.96
354.26
353.68
353.22
352.88
352.66
352.57
352.6
352.75
